-0.1000000 -0.1951800 0.9571677 
0.0000000 -0.1951800 0.9579960 
-0.0980392 -0.0947197 0.9588079 

-0.1000000 -0.1951800 0.9571677 
0.0980392 -0.1951800 0.9588079 
-0.0961538 0.0018767 0.9603850 

0.2884615 -0.1951800 0.9603850 
0.4716981 -0.1951800 0.9619026 
0.2777778 -0.0054217 0.9633639 

0.2884615 -0.1951800 0.9603850 
0.2777778 -0.0054217 0.9633639 
0.0980392 -0.1951800 0.9588079 

0.2884615 -0.1951800 0.9603850 
0.2678571 0.1707825 0.9661301 
-0.1000000 -0.1951800 0.9571677 

0.2884615 -0.1951800 0.9603850 
0.4716981 -0.1951800 0.9619026 
0.2777778 -0.0054217 0.9633639 

0.2884615 -0.1951800 0.9603850 
0.3809524 -0.1951800 0.9412347 
0.2777778 -0.0054217 0.9633639 

0.2884615 -0.1951800 0.9603850 
0.4716981 -0.1951800 0.9619026 
0.2777778 -0.0054217 0.9633639 

-0.1000000 -0.1951800 0.9571677 
-0.0009957 -0.1949042 0.9585999 
-0.0955692 0.0041812 0.9592209 

-0.1000000 -0.1951800 0.9571677 
0.0493324 -0.1217708 0.9658324 
-0.1220430 -0.1019788 0.9550652 

-0.1000000 -0.1951800 0.9571677 
0.1107969 -0.1253349 0.9705674 
-0.1404447 0.1058148 0.9547096 

-0.1000000 -0.1951800 0.9571677 
-0.0485206 -0.2802643 0.9531902 
-0.0404906 -0.1309453 0.9536844 

