-4.8795004 -9.5238095 -48.7950036 
0.0000000 -9.6190476 -49.2829537 
-4.8795004 -4.7142857 -49.7709037 

-4.8795004 -9.5238095 -48.7950036 
4.8795004 -9.7142857 -49.7709037 
-4.8795004 0.0952381 -50.7468038 

14.6385011 -9.9047619 -50.7468038 
24.3975018 -10.0952381 -51.7227039 
14.6385011 -0.2857143 -52.6986039 

14.6385011 -9.9047619 -50.7468038 
14.6385011 -0.2857143 -52.6986039 
4.8795004 -9.7142857 -49.7709037 

14.6385011 -9.9047619 -50.7468038 
14.6385011 9.3333333 -54.6504041 
-4.8795004 -9.5238095 -48.7950036 

14.6385011 -9.9047619 -50.7468038 
24.3975018 -10.0952381 -51.7227039 
14.6385011 -0.2857143 -52.6986039 

14.6385011 -9.9047619 -50.7468038 
15.6144012 -8.0000000 -40.9878031 
14.6385011 -0.2857143 -52.6986039 

14.6385011 -9.9047619 -50.7468038 
24.3975018 -10.0952381 -51.7227039 
14.6385011 -0.2857143 -52.6986039 

-4.8795004 -9.5238095 -48.7950036 
-0.0494310 -9.6760063 -49.6449476 
-4.7806385 0.2091556 -50.0228158 

-4.8795004 -9.5238095 -48.7950036 
2.6853281 -6.6284008 -54.4334043 
-5.8090787 -4.8540480 -47.5986097 

-4.8795004 -9.5238095 -48.7950036 
6.4375663 -7.2822633 -58.1024289 
-6.6573623 5.0158369 -47.4020284 

-4.8795004 -9.5238095 -48.7950036 
-2.2600944 -13.0547414 -46.5801139 
-1.8967529 -6.1340413 -46.8442932 

